0000000000000000000000000000000000000000000000000000000000
0922222222222222222662222222222222222222222222222222222290
0200000000000000000000000000000000000020002000200002000020
0200000000000000000000000000000000000020002000200002000020
0222222222222222222222662222222222222222222222222222000020
0200002000000000000000000000000200000020000000000000000020
0200002000000000000099999999999900000020000000000000000020
0200002000000000000099999999999900000020000000000000000020
0200002000000000000000000000000000000000000000000000000020
0200002222222222220000000000000000000000000000000000000020
0200002000000000020000000000000000000000000000000000000020
0200002000000000020000000002222222222222222222222000000060
0200002222222222220000000000200000000000200000002000000060
0200002000000000020000000000200000000000200000002000000020
0200002000000000020000000000200000000000200000002000000020
0922222222222222222222222222822222222222222222222222226690
0000000000000000000000000000000000000000000000000000000000
